{
 "cells": [
  {
   "cell_type": "code",
   "execution_count": null,
   "id": "900ed05f",
   "metadata": {},
   "outputs": [],
   "source": []
  },
  {
   "cell_type": "code",
   "execution_count": null,
   "id": "45fc0128",
   "metadata": {},
   "outputs": [],
   "source": []
  },
  {
   "cell_type": "code",
   "execution_count": 1,
   "id": "3de74151",
   "metadata": {
    "ExecuteTime": {
     "end_time": "2023-04-03T12:32:19.290286Z",
     "start_time": "2023-04-03T12:32:17.612533Z"
    }
   },
   "outputs": [],
   "source": [
    "import pandas as pd\n",
    "import numpy as np\n",
    "import matplotlib.pyplot as plt\n",
    "import seaborn as sns\n",
    "%matplotlib inline"
   ]
  },
  {
   "cell_type": "code",
   "execution_count": 2,
   "id": "8776f1f7",
   "metadata": {
    "ExecuteTime": {
     "end_time": "2023-04-03T12:32:19.358101Z",
     "start_time": "2023-04-03T12:32:19.290286Z"
    }
   },
   "outputs": [
    {
     "data": {
      "text/html": [
       "<div>\n",
       "<style scoped>\n",
       "    .dataframe tbody tr th:only-of-type {\n",
       "        vertical-align: middle;\n",
       "    }\n",
       "\n",
       "    .dataframe tbody tr th {\n",
       "        vertical-align: top;\n",
       "    }\n",
       "\n",
       "    .dataframe thead th {\n",
       "        text-align: right;\n",
       "    }\n",
       "</style>\n",
       "<table border=\"1\" class=\"dataframe\">\n",
       "  <thead>\n",
       "    <tr style=\"text-align: right;\">\n",
       "      <th></th>\n",
       "      <th>Type</th>\n",
       "      <th>Alcohol</th>\n",
       "      <th>Malic</th>\n",
       "      <th>Ash</th>\n",
       "      <th>Alcalinity</th>\n",
       "      <th>Magnesium</th>\n",
       "      <th>Phenols</th>\n",
       "      <th>Flavanoids</th>\n",
       "      <th>Nonflavanoids</th>\n",
       "      <th>Proanthocyanins</th>\n",
       "      <th>Color</th>\n",
       "      <th>Hue</th>\n",
       "      <th>Dilution</th>\n",
       "      <th>Proline</th>\n",
       "    </tr>\n",
       "  </thead>\n",
       "  <tbody>\n",
       "    <tr>\n",
       "      <th>0</th>\n",
       "      <td>1</td>\n",
       "      <td>14.23</td>\n",
       "      <td>1.71</td>\n",
       "      <td>2.43</td>\n",
       "      <td>15.6</td>\n",
       "      <td>127</td>\n",
       "      <td>2.80</td>\n",
       "      <td>3.06</td>\n",
       "      <td>0.28</td>\n",
       "      <td>2.29</td>\n",
       "      <td>5.64</td>\n",
       "      <td>1.04</td>\n",
       "      <td>3.92</td>\n",
       "      <td>1065</td>\n",
       "    </tr>\n",
       "    <tr>\n",
       "      <th>1</th>\n",
       "      <td>1</td>\n",
       "      <td>13.20</td>\n",
       "      <td>1.78</td>\n",
       "      <td>2.14</td>\n",
       "      <td>11.2</td>\n",
       "      <td>100</td>\n",
       "      <td>2.65</td>\n",
       "      <td>2.76</td>\n",
       "      <td>0.26</td>\n",
       "      <td>1.28</td>\n",
       "      <td>4.38</td>\n",
       "      <td>1.05</td>\n",
       "      <td>3.40</td>\n",
       "      <td>1050</td>\n",
       "    </tr>\n",
       "    <tr>\n",
       "      <th>2</th>\n",
       "      <td>1</td>\n",
       "      <td>13.16</td>\n",
       "      <td>2.36</td>\n",
       "      <td>2.67</td>\n",
       "      <td>18.6</td>\n",
       "      <td>101</td>\n",
       "      <td>2.80</td>\n",
       "      <td>3.24</td>\n",
       "      <td>0.30</td>\n",
       "      <td>2.81</td>\n",
       "      <td>5.68</td>\n",
       "      <td>1.03</td>\n",
       "      <td>3.17</td>\n",
       "      <td>1185</td>\n",
       "    </tr>\n",
       "    <tr>\n",
       "      <th>3</th>\n",
       "      <td>1</td>\n",
       "      <td>14.37</td>\n",
       "      <td>1.95</td>\n",
       "      <td>2.50</td>\n",
       "      <td>16.8</td>\n",
       "      <td>113</td>\n",
       "      <td>3.85</td>\n",
       "      <td>3.49</td>\n",
       "      <td>0.24</td>\n",
       "      <td>2.18</td>\n",
       "      <td>7.80</td>\n",
       "      <td>0.86</td>\n",
       "      <td>3.45</td>\n",
       "      <td>1480</td>\n",
       "    </tr>\n",
       "    <tr>\n",
       "      <th>4</th>\n",
       "      <td>1</td>\n",
       "      <td>13.24</td>\n",
       "      <td>2.59</td>\n",
       "      <td>2.87</td>\n",
       "      <td>21.0</td>\n",
       "      <td>118</td>\n",
       "      <td>2.80</td>\n",
       "      <td>2.69</td>\n",
       "      <td>0.39</td>\n",
       "      <td>1.82</td>\n",
       "      <td>4.32</td>\n",
       "      <td>1.04</td>\n",
       "      <td>2.93</td>\n",
       "      <td>735</td>\n",
       "    </tr>\n",
       "    <tr>\n",
       "      <th>...</th>\n",
       "      <td>...</td>\n",
       "      <td>...</td>\n",
       "      <td>...</td>\n",
       "      <td>...</td>\n",
       "      <td>...</td>\n",
       "      <td>...</td>\n",
       "      <td>...</td>\n",
       "      <td>...</td>\n",
       "      <td>...</td>\n",
       "      <td>...</td>\n",
       "      <td>...</td>\n",
       "      <td>...</td>\n",
       "      <td>...</td>\n",
       "      <td>...</td>\n",
       "    </tr>\n",
       "    <tr>\n",
       "      <th>173</th>\n",
       "      <td>3</td>\n",
       "      <td>13.71</td>\n",
       "      <td>5.65</td>\n",
       "      <td>2.45</td>\n",
       "      <td>20.5</td>\n",
       "      <td>95</td>\n",
       "      <td>1.68</td>\n",
       "      <td>0.61</td>\n",
       "      <td>0.52</td>\n",
       "      <td>1.06</td>\n",
       "      <td>7.70</td>\n",
       "      <td>0.64</td>\n",
       "      <td>1.74</td>\n",
       "      <td>740</td>\n",
       "    </tr>\n",
       "    <tr>\n",
       "      <th>174</th>\n",
       "      <td>3</td>\n",
       "      <td>13.40</td>\n",
       "      <td>3.91</td>\n",
       "      <td>2.48</td>\n",
       "      <td>23.0</td>\n",
       "      <td>102</td>\n",
       "      <td>1.80</td>\n",
       "      <td>0.75</td>\n",
       "      <td>0.43</td>\n",
       "      <td>1.41</td>\n",
       "      <td>7.30</td>\n",
       "      <td>0.70</td>\n",
       "      <td>1.56</td>\n",
       "      <td>750</td>\n",
       "    </tr>\n",
       "    <tr>\n",
       "      <th>175</th>\n",
       "      <td>3</td>\n",
       "      <td>13.27</td>\n",
       "      <td>4.28</td>\n",
       "      <td>2.26</td>\n",
       "      <td>20.0</td>\n",
       "      <td>120</td>\n",
       "      <td>1.59</td>\n",
       "      <td>0.69</td>\n",
       "      <td>0.43</td>\n",
       "      <td>1.35</td>\n",
       "      <td>10.20</td>\n",
       "      <td>0.59</td>\n",
       "      <td>1.56</td>\n",
       "      <td>835</td>\n",
       "    </tr>\n",
       "    <tr>\n",
       "      <th>176</th>\n",
       "      <td>3</td>\n",
       "      <td>13.17</td>\n",
       "      <td>2.59</td>\n",
       "      <td>2.37</td>\n",
       "      <td>20.0</td>\n",
       "      <td>120</td>\n",
       "      <td>1.65</td>\n",
       "      <td>0.68</td>\n",
       "      <td>0.53</td>\n",
       "      <td>1.46</td>\n",
       "      <td>9.30</td>\n",
       "      <td>0.60</td>\n",
       "      <td>1.62</td>\n",
       "      <td>840</td>\n",
       "    </tr>\n",
       "    <tr>\n",
       "      <th>177</th>\n",
       "      <td>3</td>\n",
       "      <td>14.13</td>\n",
       "      <td>4.10</td>\n",
       "      <td>2.74</td>\n",
       "      <td>24.5</td>\n",
       "      <td>96</td>\n",
       "      <td>2.05</td>\n",
       "      <td>0.76</td>\n",
       "      <td>0.56</td>\n",
       "      <td>1.35</td>\n",
       "      <td>9.20</td>\n",
       "      <td>0.61</td>\n",
       "      <td>1.60</td>\n",
       "      <td>560</td>\n",
       "    </tr>\n",
       "  </tbody>\n",
       "</table>\n",
       "<p>178 rows × 14 columns</p>\n",
       "</div>"
      ],
      "text/plain": [
       "     Type  Alcohol  Malic   Ash  Alcalinity  Magnesium  Phenols  Flavanoids  \\\n",
       "0       1    14.23   1.71  2.43        15.6        127     2.80        3.06   \n",
       "1       1    13.20   1.78  2.14        11.2        100     2.65        2.76   \n",
       "2       1    13.16   2.36  2.67        18.6        101     2.80        3.24   \n",
       "3       1    14.37   1.95  2.50        16.8        113     3.85        3.49   \n",
       "4       1    13.24   2.59  2.87        21.0        118     2.80        2.69   \n",
       "..    ...      ...    ...   ...         ...        ...      ...         ...   \n",
       "173     3    13.71   5.65  2.45        20.5         95     1.68        0.61   \n",
       "174     3    13.40   3.91  2.48        23.0        102     1.80        0.75   \n",
       "175     3    13.27   4.28  2.26        20.0        120     1.59        0.69   \n",
       "176     3    13.17   2.59  2.37        20.0        120     1.65        0.68   \n",
       "177     3    14.13   4.10  2.74        24.5         96     2.05        0.76   \n",
       "\n",
       "     Nonflavanoids  Proanthocyanins  Color   Hue  Dilution  Proline  \n",
       "0             0.28             2.29   5.64  1.04      3.92     1065  \n",
       "1             0.26             1.28   4.38  1.05      3.40     1050  \n",
       "2             0.30             2.81   5.68  1.03      3.17     1185  \n",
       "3             0.24             2.18   7.80  0.86      3.45     1480  \n",
       "4             0.39             1.82   4.32  1.04      2.93      735  \n",
       "..             ...              ...    ...   ...       ...      ...  \n",
       "173           0.52             1.06   7.70  0.64      1.74      740  \n",
       "174           0.43             1.41   7.30  0.70      1.56      750  \n",
       "175           0.43             1.35  10.20  0.59      1.56      835  \n",
       "176           0.53             1.46   9.30  0.60      1.62      840  \n",
       "177           0.56             1.35   9.20  0.61      1.60      560  \n",
       "\n",
       "[178 rows x 14 columns]"
      ]
     },
     "execution_count": 2,
     "metadata": {},
     "output_type": "execute_result"
    }
   ],
   "source": [
    "data = pd.read_csv('Wine.csv')\n",
    "\n",
    "data"
   ]
  },
  {
   "cell_type": "code",
   "execution_count": 3,
   "id": "6b91709b",
   "metadata": {
    "ExecuteTime": {
     "end_time": "2023-04-03T12:32:19.365764Z",
     "start_time": "2023-04-03T12:32:19.359026Z"
    }
   },
   "outputs": [
    {
     "data": {
      "text/plain": [
       "2    71\n",
       "1    59\n",
       "3    48\n",
       "Name: Type, dtype: int64"
      ]
     },
     "execution_count": 3,
     "metadata": {},
     "output_type": "execute_result"
    }
   ],
   "source": [
    "data['Type'].value_counts()"
   ]
  },
  {
   "cell_type": "code",
   "execution_count": 4,
   "id": "daf5dc73",
   "metadata": {
    "ExecuteTime": {
     "end_time": "2023-04-03T12:32:19.377084Z",
     "start_time": "2023-04-03T12:32:19.365764Z"
    }
   },
   "outputs": [],
   "source": [
    "data1 = data.drop(columns=['Type'])"
   ]
  },
  {
   "cell_type": "code",
   "execution_count": 5,
   "id": "0bf16606",
   "metadata": {
    "ExecuteTime": {
     "end_time": "2023-04-03T12:32:19.388752Z",
     "start_time": "2023-04-03T12:32:19.377084Z"
    }
   },
   "outputs": [
    {
     "name": "stdout",
     "output_type": "stream",
     "text": [
      "<class 'pandas.core.frame.DataFrame'>\n",
      "RangeIndex: 178 entries, 0 to 177\n",
      "Data columns (total 13 columns):\n",
      " #   Column           Non-Null Count  Dtype  \n",
      "---  ------           --------------  -----  \n",
      " 0   Alcohol          178 non-null    float64\n",
      " 1   Malic            178 non-null    float64\n",
      " 2   Ash              178 non-null    float64\n",
      " 3   Alcalinity       178 non-null    float64\n",
      " 4   Magnesium        178 non-null    int64  \n",
      " 5   Phenols          178 non-null    float64\n",
      " 6   Flavanoids       178 non-null    float64\n",
      " 7   Nonflavanoids    178 non-null    float64\n",
      " 8   Proanthocyanins  178 non-null    float64\n",
      " 9   Color            178 non-null    float64\n",
      " 10  Hue              178 non-null    float64\n",
      " 11  Dilution         178 non-null    float64\n",
      " 12  Proline          178 non-null    int64  \n",
      "dtypes: float64(11), int64(2)\n",
      "memory usage: 18.2 KB\n"
     ]
    }
   ],
   "source": [
    "data1.info()"
   ]
  },
  {
   "cell_type": "code",
   "execution_count": 6,
   "id": "5189dc4e",
   "metadata": {
    "ExecuteTime": {
     "end_time": "2023-04-03T12:32:19.483328Z",
     "start_time": "2023-04-03T12:32:19.388752Z"
    }
   },
   "outputs": [],
   "source": [
    "from sklearn.preprocessing import StandardScaler"
   ]
  },
  {
   "cell_type": "code",
   "execution_count": 7,
   "id": "62d4321c",
   "metadata": {
    "ExecuteTime": {
     "end_time": "2023-04-03T12:32:19.499258Z",
     "start_time": "2023-04-03T12:32:19.484300Z"
    }
   },
   "outputs": [],
   "source": [
    "sc = StandardScaler()\n",
    "\n",
    "x = sc.fit_transform(data1)\n",
    "\n",
    "x = pd.DataFrame(x, columns=data1.columns)"
   ]
  },
  {
   "cell_type": "code",
   "execution_count": 8,
   "id": "e4a685bb",
   "metadata": {
    "ExecuteTime": {
     "end_time": "2023-04-03T12:32:19.531141Z",
     "start_time": "2023-04-03T12:32:19.499258Z"
    }
   },
   "outputs": [
    {
     "data": {
      "text/plain": [
       "array([[ 6.59062328e-01,  8.56113090e-02,  4.71151590e-02,\n",
       "        -8.41092903e-01,  3.13987812e+00,  1.46887218e-01,\n",
       "         1.92033222e-01, -1.57542595e-02,  6.35175205e-02,\n",
       "         1.02828254e+00, -1.33134432e-02,  4.16978226e-02,\n",
       "         1.64567185e+02],\n",
       "       [ 8.56113090e-02,  1.24801540e+00,  5.02770393e-02,\n",
       "         1.07633171e+00, -8.70779534e-01, -2.34337723e-01,\n",
       "        -4.58630366e-01,  4.07333619e-02, -1.41146982e-01,\n",
       "         6.44838183e-01, -1.43325638e-01, -2.92447483e-01,\n",
       "        -6.75488666e+01],\n",
       "       [ 4.71151590e-02,  5.02770393e-02,  7.52646353e-02,\n",
       "         4.06208278e-01,  1.12293658e+00,  2.21455913e-02,\n",
       "         3.15347299e-02,  6.35847140e-03,  1.51557799e-03,\n",
       "         1.64654327e-01, -4.68215451e-03,  7.61835841e-04,\n",
       "         1.93197391e+01],\n",
       "       [-8.41092903e-01,  1.07633171e+00,  4.06208278e-01,\n",
       "         1.11526862e+01, -3.97476036e+00, -6.71149146e-01,\n",
       "        -1.17208281e+00,  1.50421856e-01, -3.77176220e-01,\n",
       "         1.45024186e-01, -2.09118054e-01, -6.56234368e-01,\n",
       "        -4.63355345e+02],\n",
       "       [ 3.13987812e+00, -8.70779534e-01,  1.12293658e+00,\n",
       "        -3.97476036e+00,  2.03989335e+02,  1.91646988e+00,\n",
       "         2.79308703e+00, -4.55563385e-01,  1.93283248e+00,\n",
       "         6.62052061e+00,  1.80851266e-01,  6.69308068e-01,\n",
       "         1.76915870e+03],\n",
       "       [ 1.46887218e-01, -2.34337723e-01,  2.21455913e-02,\n",
       "        -6.71149146e-01,  1.91646988e+00,  3.91689535e-01,\n",
       "         5.40470422e-01, -3.50451247e-02,  2.19373345e-01,\n",
       "        -7.99975192e-02,  6.20388758e-02,  3.11021278e-01,\n",
       "         9.81710573e+01],\n",
       "       [ 1.92033222e-01, -4.58630366e-01,  3.15347299e-02,\n",
       "        -1.17208281e+00,  2.79308703e+00,  5.40470422e-01,\n",
       "         9.97718673e-01, -6.68669999e-02,  3.73147553e-01,\n",
       "        -3.99168626e-01,  1.24081969e-01,  5.58262255e-01,\n",
       "         1.55447492e+02],\n",
       "       [-1.57542595e-02,  4.07333619e-02,  6.35847140e-03,\n",
       "         1.50421856e-01, -4.55563385e-01, -3.50451247e-02,\n",
       "        -6.68669999e-02,  1.54886339e-02, -2.60598680e-02,\n",
       "         4.01205097e-02, -7.47117692e-03, -4.44692440e-02,\n",
       "        -1.22035863e+01],\n",
       "       [ 6.35175205e-02, -1.41146982e-01,  1.51557799e-03,\n",
       "        -3.77176220e-01,  1.93283248e+00,  2.19373345e-01,\n",
       "         3.73147553e-01, -2.60598680e-02,  3.27594668e-01,\n",
       "        -3.35039177e-02,  3.86645655e-02,  2.10932940e-01,\n",
       "         5.95543338e+01],\n",
       "       [ 1.02828254e+00,  6.44838183e-01,  1.64654327e-01,\n",
       "         1.45024186e-01,  6.62052061e+00, -7.99975192e-02,\n",
       "        -3.99168626e-01,  4.01205097e-02, -3.35039177e-02,\n",
       "         5.37444938e+00, -2.76505801e-01, -7.05812576e-01,\n",
       "         2.30767480e+02],\n",
       "       [-1.33134432e-02, -1.43325638e-01, -4.68215451e-03,\n",
       "        -2.09118054e-01,  1.80851266e-01,  6.20388758e-02,\n",
       "         1.24081969e-01, -7.47117692e-03,  3.86645655e-02,\n",
       "        -2.76505801e-01,  5.22449607e-02,  9.17662439e-02,\n",
       "         1.70002234e+01],\n",
       "       [ 4.16978226e-02, -2.92447483e-01,  7.61835841e-04,\n",
       "        -6.56234368e-01,  6.69308068e-01,  3.11021278e-01,\n",
       "         5.58262255e-01, -4.44692440e-02,  2.10932940e-01,\n",
       "        -7.05812576e-01,  9.17662439e-02,  5.04086409e-01,\n",
       "         6.99275256e+01],\n",
       "       [ 1.64567185e+02, -6.75488666e+01,  1.93197391e+01,\n",
       "        -4.63355345e+02,  1.76915870e+03,  9.81710573e+01,\n",
       "         1.55447492e+02, -1.22035863e+01,  5.95543338e+01,\n",
       "         2.30767480e+02,  1.70002234e+01,  6.99275256e+01,\n",
       "         9.91667174e+04]])"
      ]
     },
     "execution_count": 8,
     "metadata": {},
     "output_type": "execute_result"
    }
   ],
   "source": [
    "cov = np.cov(data1.T)\n",
    "cov"
   ]
  },
  {
   "cell_type": "code",
   "execution_count": 9,
   "id": "ead67b4c",
   "metadata": {
    "ExecuteTime": {
     "end_time": "2023-04-03T12:32:19.552622Z",
     "start_time": "2023-04-03T12:32:19.532154Z"
    }
   },
   "outputs": [],
   "source": [
    "value, vector = np.linalg.eig(cov)"
   ]
  },
  {
   "cell_type": "code",
   "execution_count": 10,
   "id": "662408de",
   "metadata": {
    "ExecuteTime": {
     "end_time": "2023-04-03T12:32:19.568682Z",
     "start_time": "2023-04-03T12:32:19.554634Z"
    }
   },
   "outputs": [
    {
     "data": {
      "text/plain": [
       "array([9.92017895e+04, 1.72535266e+02, 9.43811370e+00, 4.99117861e+00,\n",
       "       1.22884523e+00, 8.41063869e-01, 2.78973523e-01, 1.51381266e-01,\n",
       "       1.12096765e-01, 8.20370314e-03, 2.10723661e-02, 3.75759789e-02,\n",
       "       7.17026032e-02])"
      ]
     },
     "execution_count": 10,
     "metadata": {},
     "output_type": "execute_result"
    }
   ],
   "source": [
    "value"
   ]
  },
  {
   "cell_type": "code",
   "execution_count": 11,
   "id": "a6692ab5",
   "metadata": {
    "ExecuteTime": {
     "end_time": "2023-04-03T12:32:19.584708Z",
     "start_time": "2023-04-03T12:32:19.569627Z"
    }
   },
   "outputs": [
    {
     "data": {
      "text/plain": [
       "array([[-1.65926472e-03, -1.20340617e-03,  1.68738094e-02,\n",
       "         1.41446778e-01, -2.03369773e-02,  1.94120104e-01,\n",
       "        -9.23280337e-01,  2.84820658e-01,  8.66006124e-02,\n",
       "         8.02924535e-03,  1.56514071e-02, -1.49715080e-02,\n",
       "        -2.24499994e-03],\n",
       "       [ 6.81015556e-04, -2.15498184e-03,  1.22003373e-01,\n",
       "         1.60389543e-01,  6.12883454e-01,  7.42472963e-01,\n",
       "         1.50109941e-01, -6.46744678e-02,  1.56621385e-02,\n",
       "        -1.10903923e-02, -6.72955455e-02, -2.31876506e-02,\n",
       "        -1.85093501e-02],\n",
       "       [-1.94905742e-04, -4.59369254e-03,  5.19874304e-02,\n",
       "        -9.77280992e-03, -2.01755752e-02,  4.17529118e-02,\n",
       "        -4.50095493e-02, -1.49339532e-01,  7.36498524e-02,\n",
       "        -1.73685673e-01,  1.32063034e-01,  9.54010643e-01,\n",
       "        -8.67996529e-02],\n",
       "       [ 4.67130058e-03, -2.64503930e-02,  9.38593003e-01,\n",
       "        -3.30965260e-01, -6.43523403e-02, -2.40653026e-02,\n",
       "        -3.15265835e-02,  1.51539118e-02,  2.04457785e-03,\n",
       "         1.93956297e-03, -5.39380582e-03, -5.28216953e-02,\n",
       "         3.55402799e-03],\n",
       "       [-1.78680075e-02, -9.99344186e-01, -2.97802484e-02,\n",
       "        -5.39375605e-03,  6.14934472e-03, -1.92378154e-03,\n",
       "        -1.79736268e-03, -3.55221241e-03, -1.96366816e-03,\n",
       "         2.28453582e-03, -6.20888455e-04, -3.02488821e-03,\n",
       "        -4.05154189e-05],\n",
       "       [-9.89829680e-04, -8.77962152e-04, -4.04846439e-02,\n",
       "        -7.45846556e-02, -3.15245063e-01,  2.78716809e-01,\n",
       "         2.01857100e-02, -1.77237945e-01,  2.55672918e-01,\n",
       "        -2.66914407e-02, -3.88290281e-03,  8.80160701e-03,\n",
       "         8.47195073e-01],\n",
       "       [-1.56728830e-03,  5.18507284e-05, -8.54433387e-02,\n",
       "        -1.69086724e-01, -5.24761088e-01,  4.33597955e-01,\n",
       "         3.88685182e-02, -2.48116635e-01,  3.78306653e-01,\n",
       "         6.95985330e-02,  3.74880307e-02, -1.33204612e-01,\n",
       "        -5.20138389e-01],\n",
       "       [ 1.23086662e-04,  1.35447892e-03,  1.35107797e-02,\n",
       "         1.08055610e-02,  2.96475124e-02, -2.19528343e-02,\n",
       "         4.66548296e-03,  6.49796752e-03,  3.67520428e-02,\n",
       "         9.66466227e-01, -1.47552442e-01,  1.99178984e-01,\n",
       "         3.77131942e-02],\n",
       "       [-6.00607792e-04, -5.00440040e-03, -2.46593824e-02,\n",
       "        -5.01209524e-02, -2.51182529e-01,  2.41884488e-01,\n",
       "         3.09799487e-01,  8.70433157e-01, -5.15201690e-02,\n",
       "        -1.76035672e-02,  1.31188252e-02,  1.35621460e-01,\n",
       "         9.72275203e-03],\n",
       "       [-2.32714319e-03, -1.51003530e-02,  2.91398464e-01,\n",
       "         8.78893693e-01, -3.31747051e-01,  2.73960896e-03,\n",
       "         1.12836514e-01, -8.12869205e-02, -9.90290846e-02,\n",
       "        -4.63294250e-03, -5.03555691e-02, -9.81967171e-03,\n",
       "        -2.31471169e-02],\n",
       "       [-1.71380037e-04,  7.62673115e-04, -2.59776624e-02,\n",
       "        -6.00349446e-02, -5.15240771e-02, -2.37761666e-02,\n",
       "        -3.08198127e-02, -2.95190435e-03,  3.30651238e-02,\n",
       "        -1.66550828e-01, -9.75561893e-01,  9.75106606e-02,\n",
       "        -3.84698250e-02],\n",
       "       [-7.04931645e-04,  3.49536431e-03, -7.03239693e-02,\n",
       "        -1.78200254e-01, -2.60639176e-01,  2.88912753e-01,\n",
       "        -1.01973518e-01, -1.86714531e-01, -8.73746543e-01,\n",
       "         4.41922433e-02, -1.16302516e-02,  2.84851062e-02,\n",
       "         1.70170830e-02],\n",
       "       [-9.99822937e-01,  1.77738095e-02,  4.52868159e-03,\n",
       "        -3.11291570e-03,  2.29856939e-03, -1.21225507e-03,\n",
       "         1.07618923e-03,  1.03409482e-05, -7.25585209e-05,\n",
       "         3.62670135e-05,  9.99995129e-05, -2.40452216e-04,\n",
       "         4.92663809e-05]])"
      ]
     },
     "execution_count": 11,
     "metadata": {},
     "output_type": "execute_result"
    }
   ],
   "source": [
    "vector"
   ]
  },
  {
   "cell_type": "code",
   "execution_count": 12,
   "id": "b827ad5c",
   "metadata": {
    "ExecuteTime": {
     "end_time": "2023-04-03T12:32:19.608117Z",
     "start_time": "2023-04-03T12:32:19.584708Z"
    }
   },
   "outputs": [
    {
     "data": {
      "text/plain": [
       "0     -0.983020\n",
       "1     -0.562247\n",
       "2     -0.068561\n",
       "3      0.109699\n",
       "4      0.259328\n",
       "         ...   \n",
       "173    0.366472\n",
       "174    0.609558\n",
       "175    0.293694\n",
       "176    0.295273\n",
       "177    0.768429\n",
       "Length: 178, dtype: float64"
      ]
     },
     "execution_count": 12,
     "metadata": {},
     "output_type": "execute_result"
    }
   ],
   "source": [
    "pca1 = x@ vector[:,8]\n",
    "pca1"
   ]
  },
  {
   "cell_type": "code",
   "execution_count": 13,
   "id": "7460bfe2",
   "metadata": {
    "ExecuteTime": {
     "end_time": "2023-04-03T12:32:19.720012Z",
     "start_time": "2023-04-03T12:32:19.609124Z"
    }
   },
   "outputs": [],
   "source": [
    "from sklearn.decomposition import PCA"
   ]
  },
  {
   "cell_type": "code",
   "execution_count": 14,
   "id": "33842e44",
   "metadata": {
    "ExecuteTime": {
     "end_time": "2023-04-03T12:32:19.750658Z",
     "start_time": "2023-04-03T12:32:19.721007Z"
    }
   },
   "outputs": [
    {
     "data": {
      "text/plain": [
       "array([[ 3.31675081e+00, -1.44346263e+00, -1.65739045e-01, ...,\n",
       "        -4.51563395e-01,  5.40810414e-01, -6.62386309e-02],\n",
       "       [ 2.20946492e+00,  3.33392887e-01, -2.02645737e+00, ...,\n",
       "        -1.42657306e-01,  3.88237741e-01,  3.63650247e-03],\n",
       "       [ 2.51674015e+00, -1.03115130e+00,  9.82818670e-01, ...,\n",
       "        -2.86672847e-01,  5.83573183e-04,  2.17165104e-02],\n",
       "       ...,\n",
       "       [-2.67783946e+00, -2.76089913e+00, -9.40941877e-01, ...,\n",
       "         5.12492025e-01,  6.98766451e-01,  7.20776948e-02],\n",
       "       [-2.38701709e+00, -2.29734668e+00, -5.50696197e-01, ...,\n",
       "         2.99821968e-01,  3.39820654e-01, -2.18657605e-02],\n",
       "       [-3.20875816e+00, -2.76891957e+00,  1.01391366e+00, ...,\n",
       "        -2.29964331e-01, -1.88787963e-01, -3.23964720e-01]])"
      ]
     },
     "execution_count": 14,
     "metadata": {},
     "output_type": "execute_result"
    }
   ],
   "source": [
    "pca = PCA(n_components=13)\n",
    "pcs = pca.fit_transform(x)\n",
    "pcs"
   ]
  },
  {
   "cell_type": "code",
   "execution_count": 15,
   "id": "3912a5fc",
   "metadata": {
    "ExecuteTime": {
     "end_time": "2023-04-03T12:32:19.764805Z",
     "start_time": "2023-04-03T12:32:19.750658Z"
    }
   },
   "outputs": [
    {
     "data": {
      "text/plain": [
       "array([0.36198848, 0.1920749 , 0.11123631, 0.0706903 , 0.06563294,\n",
       "       0.04935823, 0.04238679, 0.02680749, 0.02222153, 0.01930019,\n",
       "       0.01736836, 0.01298233, 0.00795215])"
      ]
     },
     "execution_count": 15,
     "metadata": {},
     "output_type": "execute_result"
    }
   ],
   "source": [
    "pca.explained_variance_ratio_"
   ]
  },
  {
   "cell_type": "code",
   "execution_count": 16,
   "id": "b7b59595",
   "metadata": {
    "ExecuteTime": {
     "end_time": "2023-04-03T12:32:19.780075Z",
     "start_time": "2023-04-03T12:32:19.764805Z"
    }
   },
   "outputs": [
    {
     "data": {
      "text/plain": [
       "array([0.36198848, 0.55406338, 0.66529969, 0.73598999, 0.80162293,\n",
       "       0.85098116, 0.89336795, 0.92017544, 0.94239698, 0.96169717,\n",
       "       0.97906553, 0.99204785, 1.        ])"
      ]
     },
     "execution_count": 16,
     "metadata": {},
     "output_type": "execute_result"
    }
   ],
   "source": [
    "np.cumsum(pca.explained_variance_ratio_)"
   ]
  },
  {
   "cell_type": "code",
   "execution_count": 17,
   "id": "ba36c421",
   "metadata": {
    "ExecuteTime": {
     "end_time": "2023-04-03T12:32:19.886257Z",
     "start_time": "2023-04-03T12:32:19.780075Z"
    }
   },
   "outputs": [
    {
     "data": {
      "text/plain": [
       "[<matplotlib.lines.Line2D at 0x21fcea7a0a0>]"
      ]
     },
     "execution_count": 17,
     "metadata": {},
     "output_type": "execute_result"
    },
    {
     "data": {
